<?xml version="1.0" encoding="UTF-8" standalone="no"?>
<!DOCTYPE svg PUBLIC "-//W3C//DTD SVG 20010904//EN"
              "http://www.w3.org/TR/2001/REC-SVG-20010904/DTD/svg10.dtd">

<svg xmlns="http://www.w3.org/2000/svg"
     width="9in" height="11in"
     viewBox="0 0 2700 3300">
  <path id="DoorsFrontSwing"
        fill="none" stroke="black" stroke-width="1"
        d="M 2400.00,2550.00
           C 2250.00,2550.00 2100.00,2700.00 2100.00,2850.00
             2100.00,2700.00 1950.00,2550.00 1800.00,2550.00" />
  <path id="DoorsFrontMain"
        fill="none" stroke="black" stroke-width="1"
        d="M 1810.00,2850.00
           C 1810.00,2850.00 1810.00,2550.00 1810.00,2550.00M 2390.00,2850.00
           C 2390.00,2850.00 2390.00,2550.00 2390.00,2550.00" />
  <path id="Windows"
        fill="none" stroke="black" stroke-width="1"
        d="M 480.00,3120.00
           C 480.00,3120.00 870.00,3120.00 870.00,3120.00M 480.00,3160.00
           C 480.00,3160.00 870.00,3160.00 870.00,3160.00M 870.00,3140.00
           C 870.00,3140.00 480.00,3140.00 480.00,3140.00M 930.00,3120.00
           C 930.00,3120.00 1320.00,3120.00 1320.00,3120.00M 1320.00,3140.00
           C 1320.00,3140.00 930.00,3140.00 930.00,3140.00M 930.00,3160.00
           C 930.00,3160.00 1320.00,3160.00 1320.00,3160.00M 1590.00,2880.00
           C 1590.00,2880.00 1380.00,3090.00 1380.00,3090.00
             1380.00,3090.00 1590.00,2880.00 1590.00,2880.00 Z
           M 1605.00,2895.00
           C 1605.00,2895.00 1395.00,3105.00 1395.00,3105.00
             1395.00,3105.00 1605.00,2895.00 1605.00,2895.00 Z
           M 1620.00,2910.00
           C 1620.00,2910.00 1410.00,3120.00 1410.00,3120.00
             1410.00,3120.00 1620.00,2910.00 1620.00,2910.00 Z
           M 180.00,2910.00
           C 180.00,2910.00 390.00,3120.00 390.00,3120.00
             390.00,3120.00 180.00,2910.00 180.00,2910.00 Z
           M 195.00,2895.00
           C 195.00,2895.00 405.00,3105.00 405.00,3105.00
             405.00,3105.00 195.00,2895.00 195.00,2895.00 Z
           M 210.00,2880.00
           C 210.00,2880.00 420.00,3090.00 420.00,3090.00
             420.00,3090.00 210.00,2880.00 210.00,2880.00 Z
           M 150.00,2910.00
           C 150.00,2910.00 138.75,2921.25 138.75,2921.25
             138.75,2921.25 412.50,3195.00 412.50,3195.00
             412.50,3195.00 1387.50,3195.00 1387.50,3195.00
             1387.50,3195.00 1661.25,2921.25 1661.25,2921.25
             1661.25,2921.25 1650.00,2910.00 1650.00,2910.00" />
  <path id="MainStructures"
        fill="none" stroke="black" stroke-width="1"
        d="M 1620.00,2580.00
           C 1620.00,2580.00 1260.00,2940.00 1260.00,2940.00
             1260.00,2940.00 540.00,2940.00 540.00,2940.00
             540.00,2940.00 180.00,2580.00 180.00,2580.00" />
  <path id="WallsMain"
        fill="none" stroke="black" stroke-width="1"
        d="M 375.00,3135.00
           C 375.00,3135.00 420.00,3090.00 420.00,3090.00
             420.00,3090.00 450.00,3120.00 450.00,3120.00
             450.00,3120.00 480.00,3120.00 480.00,3120.00
             480.00,3120.00 480.00,3180.00 480.00,3180.00
             480.00,3180.00 420.00,3180.00 420.00,3180.00
             420.00,3180.00 375.00,3135.00 375.00,3135.00 Z
           M 1425.00,3135.00
           C 1425.00,3135.00 1380.00,3090.00 1380.00,3090.00
             1380.00,3090.00 1350.00,3120.00 1350.00,3120.00
             1350.00,3120.00 1320.00,3120.00 1320.00,3120.00
             1320.00,3120.00 1320.00,3180.00 1320.00,3180.00
             1320.00,3180.00 1380.00,3180.00 1380.00,3180.00
             1380.00,3180.00 1425.00,3135.00 1425.00,3135.00 Z
           M 1620.00,2850.00
           C 1620.00,2850.00 1590.00,2880.00 1590.00,2880.00
             1590.00,2880.00 1635.00,2925.00 1635.00,2925.00
             1635.00,2925.00 1680.00,2880.00 1680.00,2880.00
             1680.00,2880.00 1800.00,2880.00 1800.00,2880.00
             1800.00,2880.00 1800.00,2820.00 1800.00,2820.00
             1800.00,2820.00 1680.00,2820.00 1680.00,2820.00
             1680.00,2820.00 1680.00,2520.00 1680.00,2520.00
             1680.00,2520.00 1620.00,2520.00 1620.00,2520.00
             1620.00,2520.00 1620.00,2850.00 1620.00,2850.00 Z
           M 870.00,3120.00
           C 870.00,3120.00 930.00,3120.00 930.00,3120.00
             930.00,3120.00 930.00,3180.00 930.00,3180.00
             930.00,3180.00 870.00,3180.00 870.00,3180.00
             870.00,3180.00 870.00,3120.00 870.00,3120.00 Z
           M 2580.00,2880.00
           C 2580.00,2880.00 2580.00,120.00 2580.00,120.00
             2580.00,120.00 120.00,120.00 120.00,120.00
             120.00,120.00 120.00,2880.00 120.00,2880.00
             120.00,2880.00 165.00,2925.00 165.00,2925.00
             165.00,2925.00 210.00,2880.00 210.00,2880.00
             210.00,2880.00 180.00,2850.00 180.00,2850.00
             180.00,2850.00 180.00,180.00 180.00,180.00
             180.00,180.00 2520.00,180.00 2520.00,180.00
             2520.00,180.00 2520.00,2820.00 2520.00,2820.00
             2520.00,2820.00 2400.00,2820.00 2400.00,2820.00
             2400.00,2820.00 2400.00,2880.00 2400.00,2880.00
             2400.00,2880.00 2580.00,2880.00 2580.00,2880.00 Z
           M 3088.00,2272.00" />
</svg>
